MPJ Express (0.38) is started in the multicore configuration
WARNING! Invalid entry [coulombType] in the prm file
WARNING! Invalid entry [LoadBalancingFreq] in the prm file
WARNING! Invalid entry [LoadBalancingTimeLimit] in the prm file
WARNING! Invalid entry [coulombType] in the prm file
WARNING! Invalid entry [coulombType] in the prm file
WARNING! Invalid entry [LoadBalancingFreq] in the prm file
WARNING! Invalid entry [LoadBalancingTimeLimit] in the prm file
WARNING! Invalid entry [LoadBalancingFreq] in the prm file
WARNING! Invalid entry [LoadBalancingTimeLimit] in the prm file
WARNING! Invalid entry [coulombType] in the prm file
WARNING! Invalid entry [LoadBalancingFreq] in the prm file
WARNING! Invalid entry [LoadBalancingTimeLimit] in the prm file
FastLJForce lookup tables created..
There are 1 distinctive non-bonded LJ types including : P4
FastLJForce lookup tables created..
There are 1 distinctive non-bonded LJ types including : P4
FastLJForce lookup tables created..
There are 1 distinctive non-bonded LJ types including : P4
Computing t = 0.000 ps
FastLJForce lookup tables created..
There are 1 distinctive non-bonded LJ types including : P4
i = 116
117
119
124
131
135
137
138
143
146
147
149
154
156
158
161
163
167
171
178
183
185
186
190
192
203
204
206
207
214
215
220
234
235
238
239
244
245
246
250
251
254
259
266
267
272
273
284
286
293
298
303
304
305
306
310
316
319
321
322
323
324
325
333
334
339
345
348
350
355
363
369
370
377
378
380
381
385
386
388
391
397
399
0
5
8
11
17
18
22
23
25
27
29
30
33
34
36
38
43
45
49
50
51
52
53
54
55
57
59
61
63
65
66
67
70
71
73
77
78
80
81
85
86
87
89
91
92
93
94
96
97
100
102
109
110
113
118
126
130
132
134
136
140
148
152
157
159
162
164
166
169
170
172
173
175
176
177
181
184
191
194
196
197
199
200
209
219
225
226
228
230
231
241
242
243
252
256
257
258
261
264
268
270
271
274
275
276
280
281
282
285
287
289
292
294
299
300
302
309
311
312
313
315
317
318
320
326
329
330
332
335
341
346
349
352
354
356
357
359
360
361
364
365
368
371
373
374
376
379
382
383
389
394
395
396
i neighbors done
***************
***************
i = 116
119
146
178
190
234
239
267
286
386
22
29
53
67
109
170
228
241
257
320
365
i neighbors done
***************
***************
i = 116
119
146
178
190
234
239
267
286
386
22
29
53
67
109
170
228
241
257
320
365
i neighbors done
***************
***************
i = 116
119
146
178
190
234
239
267
286
386
22
29
53
67
109
170
228
241
257
320
365
i neighbors done
***************
***************
i = 116
119
146
178
190
234
239
267
286
386
22
29
53
67
109
170
228
241
257
320
365
i neighbors done
***************
***************
i = 116
119
146
178
190
234
239
267
286
386
22
29
53
67
109
170
228
241
257
320
365
i neighbors done
***************
***************
i = 116
119
146
178
190
234
239
267
286
386
22
29
53
67
109
170
228
241
257
320
365
i neighbors done
***************
***************
i = 116
119
146
178
190
234
239
267
286
386
22
29
53
67
109
170
228
241
257
320
365
i neighbors done
***************
***************
i = 116
119
146
178
190
234
239
267
286
386
22
29
53
67
109
170
228
241
257
320
365
i neighbors done
***************
***************
i = 116
119
146
147
178
190
234
239
267
286
386
22
29
67
109
170
228
241
257
320
365
i neighbors done
***************
***************
i = 116
119
146
147
178
190
234
239
267
286
386
22
29
67
109
170
228
241
257
320
365
i neighbors done
***************
***************
i = 116
119
146
147
178
190
234
239
267
286
386
22
29
67
109
170
228
241
257
320
365
i neighbors done
***************
***************
i = 116
119
146
147
178
190
234
239
267
286
22
29
67
109
170
228
241
257
320
365
386
i neighbors done
***************
***************
i = 116
119
146
147
178
190
234
239
267
286
22
29
67
109
170
228
241
257
320
365
386
i neighbors done
***************
***************
i = 116
119
146
147
178
190
234
239
267
286
22
29
67
109
170
228
241
257
320
365
386
i neighbors done
***************
***************
i = 116
119
146
147
178
190
234
239
267
286
22
29
67
109
170
228
241
257
320
365
386
i neighbors done
***************
***************
i = 116
119
146
147
178
190
234
239
267
286
22
29
67
109
170
228
241
257
320
365
386
i neighbors done
***************
***************
i = 116
119
146
147
178
190
234
239
267
286
22
29
67
109
170
228
241
257
320
365
386
i neighbors done
***************
***************
i = 116
119
146
147
178
190
234
239
267
286
22
29
67
109
170
228
241
257
320
365
386
i neighbors done
***************
i = 116
***************
i = 116
143
171
192
204
245
250
259
266
298
306
355
11
25
49
51
86
159
166
176
294
312
359
394
i neighbors done
***************
***************
i = 116
143
171
192
204
245
250
259
266
298
306
355
11
25
49
51
86
159
166
176
294
312
359
394
i neighbors done
***************
***************
i = 116
143
171
192
204
245
250
259
266
298
306
355
11
25
49
51
86
159
166
176
294
312
359
394
i neighbors done
***************
***************
i = 116
143
171
192
204
245
250
259
266
298
306
355
11
25
49
51
86
159
166
176
294
312
359
394
i neighbors done
***************
***************
i = 116
143
171
192
204
245
250
259
266
298
306
355
11
25
49
51
86
159
166
176
294
312
359
394
i neighbors done
***************
***************
i = 116
143
171
192
204
245
250
259
266
298
306
355
11
25
49
51
86
159
166
176
294
312
359
394
i neighbors done
***************
***************
i = 116
143
171
192
204
245
250
259
266
298
306
355
11
25
49
51
86
159
166
176
294
312
359
394
i neighbors done
***************
***************
i = 116
143
171
192
204
245
250
259
266
298
306
355
11
25
49
51
86
159
166
176
294
312
359
394
i neighbors done
***************
***************
i = 116
143
171
192
204
245
250
259
266
298
306
355
11
25
49
51
86
159
166
176
294
312
359
394
i neighbors done
***************
***************
i = 116
143
171
192
204
245
250
259
266
298
306
355
11
25
49
51
86
159
166
176
294
312
359
394
i neighbors done
***************
***************
i = 116
143
171
192
204
245
250
259
266
298
306
355
11
25
49
51
86
159
166
176
294
312
359
394
i neighbors done
***************
***************
i = 116
143
171
192
204
245
250
259
266
298
306
355
11
25
49
51
86
159
166
176
294
312
359
394
i neighbors done
***************
***************
i = 116
143
171
192
204
245
250
259
266
298
306
355
11
25
49
51
86
159
166
176
294
312
359
394
i neighbors done
***************
***************
i = 116
143
171
192
204
245
250
259
266
298
306
355
11
25
49
51
86
159
166
176
294
312
359
394
i neighbors done
***************
i = 320
***************
i = 116
143
171
192
204
245
250
259
266
298
306
355
11
25
49
51
86
159
166
176
294
312
359
394
i neighbors done
***************
***************
i = 116
143
171
192
204
245
250
259
266
298
306
355
11
25
49
51
86
159
166
176
294
312
359
394
i neighbors done
***************
***************
i = 116
143
171
192
204
245
250
259
266
298
306
355
11
25
49
51
86
159
166
176
294
312
359
394
i neighbors done
***************
***************
i = 116
143
171
192
204
245
250
259
266
298
306
355
11
25
49
51
86
159
166
176
294
312
359
394
i neighbors done
***************
***************
i = 116
143
171
192
204
245
250
259
266
298
306
355
11
25
49
51
86
159
166
176
294
312
359
394
i neighbors done
***************
***************
i = 116
143
171
192
204
245
250
259
266
298
306
355
11
25
49
51
86
159
166
176
294
312
359
394
i neighbors done
***************
***************
i = 116
143
171
192
204
245
250
259
266
298
306
355
11
25
49
51
86
159
166
176
294
312
359
394
i neighbors done
***************
***************
i = 116
143
171
192
204
245
250
259
266
298
306
355
11
25
49
51
86
159
166
176
294
312
359
394
i neighbors done
***************
***************
i = 116
143
171
192
204
245
250
259
266
298
306
355
11
25
49
51
86
159
166
176
294
312
359
394
i neighbors done
***************
***************
i = 116
143
171
192
204
245
250
259
266
298
306
355
11
25
49
51
86
159
166
176
294
312
359
394
i neighbors done
***************
***************
i = 116
143
171
192
204
245
250
259
266
298
306
355
11
25
49
51
86
159
166
176
294
312
359
394
i neighbors done
***************
***************
i = 116
143
171
192
204
245
250
259
266
298
306
355
11
25
49
51
86
159
166
176
294
312
359
394
i neighbors done
***************
***************
i = 116
143
171
192
204
245
250
259
266
298
306
355
11
25
49
51
86
159
166
176
294
312
359
394
i neighbors done
***************
***************
i = 116
143
171
192
204
245
250
259
266
298
306
355
11
25
49
51
86
159
166
176
294
312
359
394
i neighbors done
***************
***************
i = 116
143
171
192
204
245
250
259
266
298
306
355
11
25
49
51
86
159
166
176
294
312
359
394
i neighbors done
***************
***************
i = 116
143
171
192
204
245
250
259
266
298
306
355
11
25
49
51
86
159
166
176
294
312
359
394
i neighbors done
***************
***************
i = 116
143
171
189
192
204
245
250
259
266
298
306
355
11
25
49
51
86
159
166
176
294
312
359
394
i neighbors done
***************
***************
i = 116
143
171
189
192
204
245
250
259
266
298
306
355
11
25
49
51
86
159
166
176
294
312
359
394
i neighbors done
***************
***************
i = 116
143
171
189
192
204
245
250
259
266
298
306
355
11
25
49
51
86
159
166
176
294
312
359
394
i neighbors done
***************
***************
i = 116
143
171
189
192
204
245
250
259
266
298
306
355
11
25
49
51
86
159
166
176
294
312
359
394
i neighbors done
***************
***************
i = 116
143
171
189
192
204
245
250
259
266
298
306
355
11
25
49
51
86
159
166
176
294
312
359
394
i neighbors done
***************
***************
i = 116
143
171
189
192
204
245
250
259
266
298
306
355
11
25
49
51
86
159
166
176
294
312
359
394
i neighbors done
***************
***************
i = 116
143
171
189
192
204
245
250
259
266
298
306
355
11
25
49
51
86
159
166
176
294
312
359
394
i neighbors done
***************
***************
i = 116
143
171
189
192
204
245
250
259
266
298
306
355
11
25
49
51
86
159
166
176
294
312
359
394
i neighbors done
***************
***************
i = 116
143
171
189
192
204
245
250
259
266
298
306
355
11
25
49
51
86
159
166
176
294
312
359
394
i neighbors done
***************
***************
i = 116
143
171
189
192
204
245
250
259
266
298
306
324
355
11
25
49
51
86
159
166
176
294
312
359
394
i neighbors done
***************
***************
i = 116
143
171
189
192
204
245
250
259
266
298
306
324
355
11
25
49
51
86
159
166
176
294
312
359
394
i neighbors done
***************
***************
i = 116
143
171
189
192
204
245
250
259
266
298
306
324
355
11
25
49
51
57
86
159
166
176
294
312
359
394
i neighbors done
***************
***************
i = 116
143
171
189
192
204
245
250
259
266
298
306
324
355
11
25
49
51
57
86
159
166
176
294
312
359
394
i neighbors done
***************
***************
i = 116
143
171
189
192
204
245
250
259
266
298
306
324
355
11
25
49
51
57
86
159
166
176
294
312
359
394
i neighbors done
***************
***************
i = 116
143
171
189
192
204
245
250
259
266
298
306
324
355
11
25
49
51
57
86
159
166
176
294
312
359
394
i neighbors done
***************
***************
i = 116
143
171
189
192
204
245
250
259
266
298
306
324
355
11
25
49
51
57
86
159
166
176
294
312
359
394
i neighbors done
***************
***************
i = 116
143
171
189
192
204
238
245
250
259
266
298
306
324
355
11
25
49
51
57
86
159
166
176
294
312
359
394
i neighbors done
***************
***************
i = 116
143
171
189
192
204
238
245
250
259
266
298
306
324
355
11
25
49
51
57
59
86
159
166
176
294
312
359
394
i neighbors done
***************
***************
i = 116
143
171
189
192
204
238
245
250
259
266
298
306
324
355
11
25
49
51
57
59
86
159
166
176
294
312
359
394
i neighbors done
***************
***************
i = 116
143
171
189
192
204
238
245
250
259
266
298
306
324
355
11
25
49
51
57
59
86
159
166
176
287
294
312
359
394
i neighbors done
***************
***************
i = 116
143
171
189
192
204
238
245
250
259
266
298
306
324
355
11
25
49
51
57
59
86
159
166
176
287
294
312
359
394
i neighbors done
***************
***************
i = 116
143
171
189
192
204
238
245
250
259
266
298
306
324
350
355
11
25
49
51
57
59
86
159
166
176
287
294
312
359
394
i neighbors done
***************
***************
i = 116
143
171
189
192
204
238
245
250
259
266
298
306
324
350
355
11
25
49
51
57
59
86
87
159
166
176
287
294
312
359
394
i neighbors done
***************
***************
i = 116
143
171
189
192
204
238
245
250
259
266
298
306
324
350
355
11
25
49
51
57
59
86
87
159
166
176
287
294
312
359
394
i neighbors done
***************
***************
i = 116
143
171
189
192
204
238
245
250
259
266
298
306
324
350
355
11
25
49
51
57
59
86
87
159
166
176
287
294
312
359
394
i neighbors done
***************
***************
i = 116
143
171
189
192
204
238
245
250
259
266
298
306
324
350
355
11
25
49
51
57
59
86
87
159
166
176
287
294
312
359
394
i neighbors done
***************
***************
i = 116
143
171
189
192
204
238
245
250
259
266
298
306
324
350
355
11
25
49
51
57
59
86
87
159
166
176
287
294
312
359
394
i neighbors done
***************
***************
i = 116
143
171
189
192
204
238
245
250
259
266
298
306
324
350
355
11
25
49
51
57
59
86
87
159
166
176
287
294
312
359
394
i neighbors done
***************
***************
i = 116
143
171
189
192
204
238
245
250
259
266
298
306
324
350
355
11
25
49
51
57
59
86
87
159
166
176
287
294
312
359
394
i neighbors done
***************
***************
i = 116
143
171
189
192
204
238
245
250
259
266
298
306
324
350
355
11
25
49
51
57
59
86
87
159
166
176
287
294
312
359
394
i neighbors done
***************
***************
i = 116
143
171
183
189
192
204
238
245
250
259
266
298
306
324
350
355
11
25
49
51
57
59
86
87
159
166
176
287
294
312
359
394
i neighbors done
***************
***************
i = 116
143
171
183
189
192
204
238
245
250
259
266
298
306
324
350
355
11
25
49
51
57
59
86
87
159
166
176
287
294
312
359
394
i neighbors done
***************
***************
i = 116
143
171
183
189
192
204
238
245
250
259
266
298
306
324
350
355
11
25
49
51
57
59
86
87
159
166
176
287
294
312
359
394
i neighbors done
***************
***************
i = 116
143
171
183
189
192
204
238
245
250
259
266
298
306
324
350
355
11
25
49
51
57
59
86
87
159
166
176
287
294
312
359
394
i neighbors done
***************
***************
i = 116
143
171
183
189
192
204
238
245
250
259
266
298
306
324
350
355
11
25
49
51
57
59
86
87
159
166
176
287
294
312
359
394
i neighbors done
***************
***************
i = 116
143
171
183
189
192
204
238
245
250
259
266
298
306
324
350
355
11
25
49
51
57
59
86
87
159
166
176
287
294
312
359
394
i neighbors done
***************
***************
i = 116
143
171
183
189
192
204
238
245
250
259
266
298
306
324
350
355
11
25
49
51
57
59
86
87
159
166
176
287
294
312
359
394
i neighbors done
***************
***************
i = 116
143
171
183
189
192
204
238
245
250
259
266
298
306
324
350
355
11
25
49
51
57
59
86
87
159
166
176
287
294
312
359
394
i neighbors done
***************
***************
i = 116
143
171
183
189
192
204
238
245
250
259
266
298
306
324
350
355
11
25
49
51
57
59
86
87
159
166
176
287
294
312
359
394
i neighbors done
***************
***************
i = 116
143
171
183
189
192
204
238
245
250
259
266
298
306
324
350
355
11
25
49
51
57
59
86
87
159
166
176
287
294
312
359
394
i neighbors done
***************
***************
i = 116
143
171
183
189
192
204
238
245
250
259
266
298
306
324
350
355
11
25
49
51
57
59
86
87
159
166
176
287
294
312
359
394
i neighbors done
***************
***************
i = 116
143
171
183
189
192
204
238
245
250
259
266
298
306
324
350
355
11
25
49
51
57
59
86
87
159
166
176
287
294
312
359
394
i neighbors done
***************
***************
i = 116
143
171
183
189
192
204
238
245
250
259
266
298
306
324
350
355
11
25
49
51
57
59
86
87
159
166
176
287
294
312
359
394
i neighbors done
***************
***************
i = 116
143
171
183
189
192
204
238
245
250
259
266
298
306
324
350
355
11
25
49
51
57
59
86
87
159
166
176
287
294
312
359
394
i neighbors done
***************
***************
i = 116
143
171
183
189
192
204
238
245
250
259
266
298
306
324
350
355
11
25
49
51
57
59
86
87
159
166
176
287
294
312
359
394
i neighbors done
***************
***************
i = 116
143
171
183
189
192
204
238
245
250
259
266
298
306
324
350
355
11
25
49
51
57
59
86
87
159
166
176
287
294
312
359
394
i neighbors done
***************
***************
i = 116
143
171
183
189
192
204
238
245
250
259
266
298
306
324
350
355
11
25
49
51
57
59
86
87
159
166
176
287
294
312
359
394
i neighbors done
***************
***************
i = 116
143
171
183
189
192
204
238
245
250
259
266
298
306
324
350
355
11
25
49
51
57
59
86
87
159
166
176
287
294
312
359
394
i neighbors done
***************
***************
i = 116
143
171
183
189
192
204
238
245
250
259
266
298
306
324
350
355
11
25
49
51
57
59
86
87
159
166
176
287
294
312
359
394
i neighbors done
***************
***************
i = 116
143
171
183
189
192
204
238
245
250
259
266
298
306
324
350
355
11
25
49
51
57
59
86
87
159
166
176
287
294
312
359
394
i neighbors done
***************
***************
i = 116
143
171
183
189
192
204
238
245
250
259
266
298
306
324
350
355
11
25
49
51
57
59
86
87
159
166
176
287
294
312
359
394
i neighbors done
***************
***************
Computing t = 1.000 ps
i = 116
143
171
183
189
192
204
238
245
250
259
266
298
306
324
350
355
11
25
49
51
57
59
86
87
159
166
176
287
294
312
359
394
i neighbors done
***************
***************
i = 116
143
171
183
189
192
204
238
245
250
259
266
298
306
324
350
355
11
25
49
51
57
59
86
87
159
166
176
287
294
312
359
394
i neighbors done
***************
***************
i = 116
143
171
183
189
192
204
238
245
250
259
266
298
306
324
350
355
11
25
49
51
57
59
86
87
159
166
176
287
294
312
359
394
i neighbors done
***************
***************
i = 116
143
171
183
189
192
204
238
245
250
259
266
298
306
324
350
355
11
25
49
51
57
59
86
87
159
166
176
287
294
312
359
394
i neighbors done
***************
***************
i = 116
143
171
183
189
192
204
238
245
250
259
266
298
306
324
350
355
11
25
49
51
57
59
86
87
159
166
176
287
294
312
359
394
i neighbors done
***************
***************
i = 116
143
171
183
189
192
204
238
245
250
259
266
298
306
324
350
355
11
25
49
51
57
59
86
87
159
166
176
287
294
312
359
394
i neighbors done
***************
***************
i = 116
143
171
183
189
192
204
238
245
250
259
266
298
306
324
350
355
11
25
49
51
57
59
86
87
159
166
176
287
294
312
359
394
i neighbors done
***************
***************
i = 116
143
171
189
192
204
238
245
250
259
266
298
306
324
350
355
11
25
49
51
57
59
86
87
159
166
176
287
294
312
359
394
i neighbors done
***************
***************
i = 116
143
171
189
192
204
238
245
250
259
266
298
306
324
350
355
11
25
49
51
57
59
86
87
159
166
176
287
294
312
359
394
i neighbors done
***************
***************
i = 116
143
171
189
192
204
238
245
250
259
266
298
306
324
350
355
11
25
49
51
57
59
86
87
159
166
176
287
294
312
359
394
i neighbors done
***************
***************
i = 116
143
171
189
192
204
238
245
250
259
266
298
306
324
350
355
11
25
49
51
57
59
86
87
159
166
176
287
294
312
359
394
i neighbors done
***************
***************
i = 116
143
171
189
192
204
238
245
250
259
266
298
306
324
350
355
11
25
49
51
57
59
86
87
159
166
176
287
294
312
359
394
i neighbors done
***************
***************
i = 116
143
171
192
204
238
245
250
259
266
298
306
324
350
355
11
25
49
51
57
59
86
87
159
166
176
287
294
312
359
394
i neighbors done
***************
***************
i = 116
143
171
192
204
238
245
250
259
266
298
306
324
350
355
11
25
49
51
57
59
86
87
159
166
176
287
294
312
359
394
i neighbors done
***************
***************
i = 116
143
171
192
204
238
245
250
259
266
298
306
324
350
355
11
25
49
51
57
59
86
87
159
166
176
287
294
312
359
394
i neighbors done
***************
***************
i = 116
143
171
192
204
238
245
250
259
266
298
306
324
350
355
11
25
49
51
57
59
86
87
159
166
176
287
294
312
359
394
i neighbors done
***************
***************
i = 116
143
171
192
204
238
245
250
259
266
298
306
324
350
355
11
25
49
51
57
59
86
87
159
166
176
287
294
312
359
394
i neighbors done
***************
***************
i = 116
143
171
192
204
238
245
250
259
266
298
306
324
350
355
11
25
49
51
57
59
86
87
159
166
176
287
294
312
359
394
i neighbors done
***************
***************
i = 116
143
171
192
204
238
245
250
259
266
298
306
324
350
355
11
25
49
51
57
59
86
87
159
166
176
287
294
312
359
394
i neighbors done
***************
***************
i = 116
143
171
192
204
238
245
250
259
266
298
306
324
350
355
11
25
49
51
57
59
86
87
159
166
176
287
294
312
359
394
i neighbors done
***************
***************
i = 116
143
171
192
204
238
245
250
259
266
298
306
324
350
355
11
25
49
51
57
59
86
87
159
166
176
287
294
312
359
394
i neighbors done
***************
***************
i = 116
143
171
192
204
238
245
250
259
266
298
306
324
350
355
11
25
49
51
57
59
86
87
159
166
176
287
294
312
359
394
i neighbors done
***************
***************
i = 116
143
171
192
204
238
245
250
259
266
298
306
324
350
355
11
25
49
51
57
59
86
87
159
166
176
287
294
312
359
394
i neighbors done
***************
***************
i = 116
143
171
192
204
238
245
250
259
266
298
306
324
350
355
11
25
49
51
57
59
86
87
159
166
176
287
294
312
359
394
i neighbors done
***************
***************
i = 116
143
171
192
204
238
245
250
259
266
298
306
324
350
355
11
25
49
51
57
59
86
87
159
166
176
287
294
312
359
394
i neighbors done
***************
***************
i = 116
143
171
192
204
238
245
250
259
266
298
306
324
350
355
11
25
49
51
57
59
86
87
159
166
176
287
294
312
359
394
i neighbors done
***************
***************
i = 116
143
171
192
204
238
245
250
259
266
298
306
324
350
355
11
25
49
51
57
59
86
87
159
166
176
287
294
312
359
394
i neighbors done
***************
***************
i = 116
143
171
192
204
238
245
250
259
266
298
306
324
350
355
11
25
49
51
57
59
86
87
159
166
176
287
294
312
359
394
i neighbors done
***************
***************
i = 116
143
171
192
204
238
245
250
259
266
298
306
324
350
355
11
25
49
51
57
59
86
87
159
166
176
287
294
312
359
394
i neighbors done
***************
***************
i = 116
143
171
192
204
238
245
250
259
266
298
306
324
350
355
11
25
49
51
57
59
86
87
159
166
176
287
294
312
359
394
i neighbors done
***************
***************
i = 116
143
171
192
204
238
245
250
259
266
298
306
324
350
355
11
25
49
51
57
59
86
87
159
166
176
287
294
312
359
394
i neighbors done
***************
***************
i = 116
143
171
192
204
238
245
250
259
266
298
306
324
350
355
11
25
49
51
57
59
86
87
159
166
176
287
294
312
359
394
i neighbors done
***************
***************
i = 116
143
171
189
192
204
238
245
250
259
266
298
306
324
350
355
11
25
49
51
57
59
86
87
159
166
176
287
294
312
359
394
i neighbors done
***************
***************
i = 116
143
171
189
192
204
238
245
250
259
266
298
306
324
350
355
11
25
49
51
57
59
86
87
159
166
176
287
294
312
359
394
i neighbors done
***************
***************
i = 116
143
171
189
192
204
238
245
250
259
266
298
306
324
350
355
11
25
49
51
57
59
86
87
159
166
176
287
294
312
359
394
i neighbors done
***************
***************
i = 116
143
171
189
192
204
238
245
250
259
266
298
306
324
350
355
11
25
49
51
57
59
86
87
159
166
176
287
294
312
359
394
i neighbors done
***************
***************
i = 116
143
171
189
192
204
238
245
250
259
266
298
306
324
350
355
11
25
49
51
57
59
86
87
159
166
176
287
294
312
359
394
i neighbors done
***************
***************
i = 116
143
171
189
192
204
238
245
250
259
266
298
306
324
350
355
11
25
49
51
57
59
86
87
159
166
176
287
294
312
359
394
i neighbors done
***************
***************
i = 116
143
171
189
192
204
238
245
250
259
266
298
306
324
350
355
11
25
49
51
57
59
86
87
159
166
176
287
294
312
359
394
i neighbors done
***************
***************
i = 116
143
171
189
192
204
238
245
250
259
266
298
306
324
350
355
11
25
49
51
57
59
86
87
159
166
176
287
294
312
359
394
i neighbors done
***************
***************
i = 116
143
171
189
192
204
238
245
250
259
266
298
306
324
350
355
11
25
49
51
57
59
86
87
159
166
176
287
294
312
359
394
i neighbors done
***************
***************
i = 116
143
171
189
192
204
238
245
250
259
266
298
306
324
350
355
11
25
49
51
57
59
86
87
159
166
176
287
294
312
359
394
i neighbors done
***************
***************
i = 116
143
171
189
192
204
238
245
250
259
266
298
306
324
350
355
11
25
49
51
57
59
86
87
159
166
176
287
294
312
359
394
i neighbors done
***************
***************
i = 116
143
171
192
204
238
245
250
259
266
298
306
324
350
355
11
25
49
51
57
59
86
87
159
166
176
287
294
312
359
394
i neighbors done
***************
***************
i = 116
143
171
192
204
238
245
250
259
266
298
306
324
350
355
11
25
49
51
57
59
86
87
159
166
176
287
294
312
359
394
i neighbors done
***************
***************
i = 116
143
171
192
204
238
245
250
259
266
298
306
324
350
355
11
25
49
51
57
59
86
87
159
166
176
287
294
312
359
394
i neighbors done
***************
***************
i = 116
143
171
192
204
238
245
250
259
266
298
306
324
350
355
11
25
49
51
57
59
86
87
159
166
176
287
294
312
359
394
i neighbors done
***************
***************
i = 116
143
171
192
204
238
245
250
259
266
298
306
324
350
355
11
25
49
51
57
59
86
87
159
166
176
287
294
312
359
394
i neighbors done
***************
***************
i = 116
143
171
192
204
238
245
250
259
266
298
306
324
350
355
11
25
49
51
57
59
86
87
159
166
176
287
294
312
359
394
i neighbors done
***************
***************
i = 116
143
171
192
204
238
245
250
259
266
298
306
324
350
355
11
25
49
51
57
59
86
87
159
166
176
287
294
312
359
394
i neighbors done
***************
***************
i = 116
143
171
192
204
238
245
250
259
266
298
306
324
350
355
11
25
49
51
57
59
86
87
159
166
176
287
294
312
359
394
i neighbors done
***************
***************
i = 116
143
171
192
204
238
245
250
259
266
298
306
324
350
355
11
25
49
51
57
59
86
87
159
166
176
287
294
312
359
394
i neighbors done
***************
***************
i = 116
143
171
192
204
238
245
250
259
266
298
306
324
350
355
11
25
49
51
57
59
86
87
159
166
176
287
294
312
359
394
i neighbors done
***************
***************
i = 116
143
171
192
204
238
245
250
259
266
298
306
324
350
355
11
25
49
51
57
59
86
87
159
166
176
287
294
312
359
394
i neighbors done
***************
***************
i = 116
143
171
192
204
238
245
250
259
266
298
306
324
350
355
11
25
49
51
57
59
86
87
159
166
176
287
294
312
359
394
i neighbors done
***************
***************
i = 116
143
171
192
204
238
245
250
259
266
298
306
324
350
355
11
25
49
51
57
59
86
87
159
166
176
287
294
312
359
394
i neighbors done
***************
***************
i = 116
143
171
192
204
238
245
250
259
266
298
306
324
350
355
11
25
49
51
57
59
86
87
159
166
176
287
294
312
359
394
i neighbors done
***************
***************
i = 116
143
171
192
204
238
245
250
259
266
298
306
324
350
355
11
25
49
51
57
59
86
87
159
166
176
287
294
312
359
394
i neighbors done
***************
***************
i = 116
143
171
192
204
238
245
250
259
266
298
306
324
350
355
11
25
49
51
57
59
86
87
159
166
176
287
294
312
359
394
i neighbors done
***************
***************
i = 116
143
171
192
204
238
245
250
259
266
298
306
324
350
355
11
25
49
51
57
59
86
87
159
166
176
287
294
312
359
394
i neighbors done
***************
***************
i = 116
143
171
192
204
238
245
250
259
266
298
306
324
350
355
11
25
49
51
57
59
86
87
159
166
176
287
294
312
359
394
i neighbors done
***************
***************
i = 116
143
171
192
204
238
245
250
259
266
298
306
324
350
355
11
25
49
51
57
59
86
87
159
166
176
287
294
312
359
394
i neighbors done
***************
***************
i = 116
143
171
183
192
204
238
245
250
259
266
298
306
324
350
355
11
25
49
51
57
59
86
87
159
166
176
287
294
312
359
394
i neighbors done
***************
***************
i = 116
143
171
183
192
204
238
245
250
259
266
298
306
324
350
355
11
25
49
51
57
59
86
87
159
166
176
287
294
312
359
394
i neighbors done
***************
***************
i = 116
143
171
183
192
204
238
245
250
259
266
298
306
324
350
355
11
25
49
51
57
59
86
87
159
166
176
287
294
312
359
394
i neighbors done
***************
***************
i = 116
143
171
183
192
204
238
245
250
259
266
298
306
324
350
355
11
25
49
51
57
59
86
87
159
166
176
287
294
312
359
394
i neighbors done
***************
***************
i = 116
143
171
183
192
204
238
245
250
259
266
298
306
324
350
355
11
25
49
51
57
59
86
87
159
166
176
287
294
312
359
394
i neighbors done
***************
***************
i = 174, zi = 137.82811795668593
java.lang.reflect.InvocationTargetException
	at sun.reflect.NativeMethodAccessorImpl.invoke0(Native Method)
	at sun.reflect.NativeMethodAccessorImpl.invoke(NativeMethodAccessorImpl.java:57)
	at sun.reflect.DelegatingMethodAccessorImpl.invoke(DelegatingMethodAccessorImpl.java:43)
	at java.lang.reflect.Method.invoke(Method.java:622)
	at runtime.starter.MulticoreStarter$1.run(MulticoreStarter.java:289)
	at java.lang.Thread.run(Thread.java:701)
Caused by: java.lang.RuntimeException: Particle found out of the box. Check system equilibration and PBC
	at mymd.DomainDecomposition.partition(DomainDecomposition.java:141)
	at mymd.DomainDecomposition.partition(DomainDecomposition.java:91)
	at mymd.MdSystem.partition(MdSystem.java:135)
	at MpiSkeletonRun.main(MpiSkeletonRun.java:89)
	... 6 more
