WARNING! Invalid entry [coulombType] in the prm file
WARNING! Invalid entry [LoadBalancingFreq] in the prm file
WARNING! Invalid entry [LoadBalancingTimeLimit] in the prm file
FastLJForce lookup tables created..
There are 1 distinctive non-bonded LJ types including : P4
computing   0.0ps
305.98629888785587
50.78091150059039
17.82882275297584
163.95095856083606
93.63034189187809
113.35135531960759
37.29367043367621
222.0505438624723
196.8060339208712
104.3101539503791
299.0918600705154
78.74717946629029
169.02141257572032
106.5739070906674
133.12130689876298
267.6252024539466
84.93373936754362
80.81076868914535
121.4024686455319
187.787827442442
152.50442751917043
142.1998161428214
419.3551839382594
81.94904309095392
231.25600646397973
130.1354014853858
87.62711286148938
116.08792091600024
174.8726753020838
277.1382755856779
31.842094344852374
83.07031433332727
90.70955316295506
119.99135585275904
109.93405113784794
47.77372871851608
101.7131521437964
60.94867974624067
105.39515543263124
222.32312962788944
60.31094751476506
288.45006979754277
209.1725498795908
159.52607481445938
103.75180735398469
127.83345300082124
58.48741693717009
91.6212288062075
109.30406854600737
149.4376617330127
321.6393565508166
40.59534849616652
195.63614891003374
166.45608877001553
239.133819506312
89.38509934303814
135.13758592594994
91.2131984033163
79.78700411868667
100.77416076463278
42.44831212465472
87.42399185740685
226.80379166249963
241.74964791660605
86.64505105223611
106.9500230467605
62.21567893808495
413.8765131009578
130.3768071111838
184.84786469897404
231.69553548372988
233.59101027809
71.57767824214527
164.53085357050762
66.82079597241132
387.64635349414226
425.51687726080405
200.94873648777522
98.87531895077419
285.3493607356701
113.318342042494
157.81121367607517
225.43704808384746
265.345275376228
150.39144930129692
150.55850519319472
213.131670499919
64.52295386122533
103.81721268297612
27.318480534071895
188.0210217072047
160.59345764021566
103.01373933436689
167.18310180531586
125.75474562114711
212.25838451071803
153.10583658612398
125.74359405981203
151.01522261705242
240.72554173832722
71.25515220612692
152.62745319442027
310.23919035447335
148.0983277018561
305.73661347690125
210.66298561031863
228.13904994242955
222.6558796090874
111.17590755181111
399.67767582807835
186.12309840037702
93.8450564958654
303.5218613552077
213.7143344849282
216.7624091297352
102.90868306878716
121.86136159987552
179.7453141444875
162.14571017462276
99.13817722740781
203.57174051743704
393.56849069706544
121.4882389325259
197.62986699282874
73.31038063378519
75.28344567769383
203.38385585557117
44.737064806833494
114.68853066225864
245.4024621264869
55.97491657825006
182.1792745102499
103.07183206002658
262.1267099987299
170.23059379093814
223.827797043413
186.32521441420354
213.6064547496861
198.35356027706922
643.4051087031817
22.03064413867362
190.07538472471572
200.5267918219258
93.13490951596847
152.52160326653606
29.537523035355267
123.74171347699675
434.5171562248768
194.22338863679778
112.72456977950146
124.98334196411571
152.94606277423796
242.5108557045807
217.96237713814136
35.974242864332254
271.0525700095353
155.24961245743327
246.18269367567328
128.56275059642394
259.7314760498117
218.05799248672258
275.84244028735316
369.5953107606816
35.54189751266877
173.21517366744396
227.08921900234924
342.2538855093742
258.91856983518556
224.92782027096646
146.64986426749215
73.43856394782381
383.62043042512215
77.88678972514991
217.04356658754025
168.37902614866806
141.22814592552538
71.7141348019711
226.307839085726
139.20590258403027
97.52079616369564
81.16198579305617
219.0449337726677
69.67105058957412
103.28984567445512
241.68856034245096
87.74344494872514
139.7519200260147
110.00802615728652
46.846880375878435
159.57750617453385
235.76438425266934
67.13881502340234
134.98954219272915
82.87424017098083
166.1129938211269
248.67329891926138
105.33945051949642
81.11042825201187
25.864893799202584
132.00113444338552
111.11932168520383
463.4339970994788
193.67628386634908
275.64132324084335
88.82262122147836
102.66099308067243
120.99506276388738
160.02813274601542
195.30459965885507
84.12781337743523
107.44005300603374
154.289304164964
148.24055615044037
131.5911597684885
169.58535215752764
185.96386026651209
130.32437637428512
119.51899693007003
109.60635631024932
87.74484102917295
137.0069102109243
57.63598178624954
267.8817903067784
146.66481208925256
254.83669537864023
43.071002155075504
279.8677682925129
199.843397924035
256.7355074246898
127.6134056935025
172.39698639201646
103.29865637157447
39.16600474305428
28.269384264206195
86.07364989260338
174.65275816551363
70.26737875514202
68.23457962681503
183.4661868425413
150.31304137244234
158.24177559499836
60.36862779753497
156.42371529088607
165.62685979747462
272.07407412654726
294.97395679837035
254.68743142022475
95.95690019457102
57.9568127723105
182.04873643111063
87.56746148620167
188.73712631516017
98.96372383923477
188.53999713248257
43.95220118909603
81.97403371161703
186.77630982720115
195.90949632460172
175.54572260451098
85.10426154793143
105.51576474988912
241.86196305865082
84.81693968783128
492.25529074176757
62.93359864948937
550.630646572236
64.96498597163648
208.05992356350498
142.30215949795416
84.97502481766458
150.85830856540267
9.732338827651237
102.09315454834608
215.22368485263985
169.86796243785474
213.9595933951971
100.82501265185354
115.2164534357997
577.9484610806229
346.99377432701584
100.59410928415176
63.08524656534339
126.52394223053452
174.27057626951756
81.36206653222276
121.94399943341736
109.98534829842244
187.562143272157
118.86452245511262
208.76202932993263
174.93046715992364
37.927669865620615
221.24729754469126
299.1930010284835
194.86443707984301
238.0080640331751
230.06030211773455
74.47814674420034
83.88529385343817
279.36268416363674
165.36508464536195
230.06028438655886
167.77803055974303
79.52175288699446
416.09532565608583
233.35520411472498
122.66918407609214
228.8288923724661
107.6590192924804
95.10336442907852
177.44764068552104
183.03890831524896
178.08570025132522
150.67778181455444
178.83360341438765
294.59853678783827
148.56826683776094
52.62972388140619
222.99436952329475
97.57124642498117
131.03731523436943
202.61306339165424
61.90369587548663
212.08787859186734
109.91747493741575
238.15360964290372
154.07769236701265
211.022339605205
49.98118941001265
194.40660458925888
70.65022160224899
75.9854269039088
228.52681917721998
335.1130776870726
193.41936308128507
400.0809039611104
226.16469102067612
43.30895371798986
102.97270381036107
29.88296483122488
139.72764308463272
194.53596499913445
124.60649442100046
125.99550105224684
65.1570182544191
97.13386898879786
143.3991494164491
124.97120998819457
222.5720881600332
82.4708694482493
198.16551962234547
25.83895125826425
74.85716988630585
49.13352738541986
416.06260054602546
157.78949140847058
445.18790835777554
122.58413259822767
80.00641153474443
40.52211921014504
189.348793319859
427.15777803019006
141.72024334482364
45.65228878921632
151.39699920274862
103.95592600626483
187.41606537053346
78.87522053018135
86.08175375066783
205.01736856887064
167.32065279470132
186.844160705361
190.8006943528439
247.80481768824663
179.67147161336422
156.24295213552242
149.29489727009434
176.72487208635064
113.6720131787039
144.71056031546246
103.240106706213
262.98302584359527
104.52618094536885
52.50423228806187
92.48978239395103
300.9786612241457
254.63647779443818
230.4402691362218
224.5814841344452
171.67263640249337
103.77803234556157
223.73808812510381
153.97214500050262
53.624142082671696
131.4887304182663
27.570707742050026
81.53037271596659
217.84358529457828
81.13182535825763
167.8555823115189
300.60171755296943
50.521974735944355
17.643529011229415
161.51737642366373
92.87793961253084
112.65499751554063
36.910680562496964
219.2712994432922
192.93922265990423
102.07225188441694
292.7265066104563
78.10284546098488
166.3144809072554
105.53679515808064
131.1948706504018
262.77581766821186
84.57249896931616
80.62010443875563
120.92502053834714
180.9637621810534
149.7511243572795
138.79708122043772
402.7370803879785
81.2694874238934
224.03483615057445
126.88659372231476
86.32965790053731
114.54052903962157
172.35643231864728
271.0488175355439
31.85596552655815
81.94506519258434
89.81153692577348
119.03018363083812
107.41654561744673
47.45938250984855
100.79928621835954
60.302175779551746
104.32652371166606
215.6763223245852
58.997520440906776
280.2551151195885
205.35925205157315
157.65623953313016
102.73679736284002
126.73597671178334
57.67730539217349
91.0322262807384
108.89205348432682
147.82850035966788
315.85600797617315
39.96094074803375
192.32810723501842
164.52120038329522
234.00208518868308
88.75163120760705
133.25999296419968
90.62960364630591
78.83977770724611
101.0908386181535
42.07046223159942
87.07417799249754
219.41034215501733
237.2540016848869
85.09092549952928
106.09502257639595
62.57709187179305
397.0871256037504
128.46314403179417
181.27013190338855
226.98146123071163
230.65872521326222
70.87657674327708
162.1678895559127
66.75361429731636
373.54614827467697
407.2059683333561
195.4109835416781
98.1396450223533
278.5824848525238
113.14551505037514
153.28220121074193
222.0899066343123
259.95100113790016
148.8163882885744
149.52057770648125
208.00862549905005
64.32203275403097
102.12720740865947
27.383297044336103
185.49331250274406
155.79619035931793
100.79837978165612
164.24017685215964
123.75221539645858
205.52783884445267
151.3389347866286
124.71133036836909
149.05720120001695
235.87051400576158
71.11278824183341
148.3970838385539
302.3179969377184
146.8933748762464
298.01386064395797
207.36422149203247
223.56751462923233
217.37692169310228
107.34733814456528
382.66544026340307
181.21244773584934
93.21826583713211
296.1447035409299
206.80276927779022
213.38555051698228
100.07757122294495
121.32843795380464
176.823139245324
157.64249158997444
98.16037032008798
199.3926860852358
377.0652546278668
120.24302702486298
193.33341034008106
72.34710436533828
74.63038778417864
201.4564932260547
44.367756635734665
112.08079770529456
241.11975453868976
55.656991680747915
178.73230030752237
102.18581543305746
257.487350634707
166.3435179290799
220.79429234100255
182.61699859442214
210.58020163219774
194.63802020617592
607.9006538695523
22.023568842971006
187.43082851569883
197.6594855653938
91.66595261824908
150.59190430476363
29.394392921270004
120.21255431656489
422.9878776956772
191.57824955080454
110.97844842054168
123.96021378631983
150.70412352536107
238.47665887649475
212.966588102568
35.94209277647715
266.192989846308
153.1391872490363
238.58960487969233
127.11345791523398
254.08530403498287
213.7964079570141
272.0867022698244
361.5468417711862
36.5071157205486
171.0108926347645
224.5813112409708
334.6283479165447
252.8073471909956
220.5897956904217
143.97594403418856
72.33482715557349
373.4140281722742
76.80402015530916
214.1621210320598
167.3553649418597
140.0514756553526
71.34884627566178
220.07181169778002
135.9334390924168
96.83397656836091
80.57823064217557
215.62587474590913
69.87297699343584
103.59201404583762
237.5295801201127
87.24124339473651
136.97111856029704
109.13641105717033
46.93965316136664
157.24924508468064
230.3035487823811
67.14007151651651
133.23431202925826
82.54281669462362
163.49823541891163
244.49714700831984
103.73093240689103
79.30536858254973
26.024902267108576
129.6301778990037
109.7292868618738
447.060274475854
188.01580969256224
267.8253425518606
88.97581493037077
102.72012417343696
118.6218432338688
157.4479261887784
188.026880872306
81.78495163906004
106.85355351267934
151.92562337481192
147.28354524984417
129.88507336664102
166.29530103754112
183.9614121107205
127.64577272698929
118.59480630230209
109.01463279728334
86.93166737964293
133.47733843661055
57.09787180682431
261.4109571931482
143.90208751537008
251.12832618884497
42.209397807307745
277.20206226919413
196.0373681328383
251.68523923259616
126.35260272674557
170.17249667689745
101.77110400543445
38.72325708042927
28.246302093961543
85.89175339999191
174.21428646853323
69.46312189394959
67.78591502623593
178.44925079904348
148.81001822983228
156.43474809594318
58.75734833459386
154.28787771786767
161.9180374807803
265.41802055454815
289.4398479482674
246.52995484401987
94.96633505322252
57.62711696696444
177.86368833793316
86.93088228973095
185.12095065872404
98.42729625133458
186.5394416960619
43.845785817039925
81.41519526742184
184.66362999434168
193.14562766378498
171.02149629780658
84.72270314948469
104.85515616449254
237.09629403531116
84.36934966249257
470.9234191829679
62.29070065692327
528.8335102852217
64.87095883985381
205.7429936063156
140.55529391515492
84.40128676185363
147.89535325989536
9.737056977055161
102.4008054913848
212.3544609010277
167.82808746344097
209.65424863629892
100.02128353563084
114.13151652753669
543.8749827309991
333.38788322352
99.86757562527116
63.357712563381476
125.6819567920767
169.1115765615877
81.0972149393017
119.25866973998883
108.42629959245517
183.117532390995
116.34375426911174
206.15482163703845
172.775262679583
37.76130017901234
216.79158584189744
292.44987894147846
193.28653431762467
235.33612945681483
224.8259985882851
70.37776101379619
84.11712056999016
273.9161033485578
163.62170728351032
225.77638485727314
166.42053394358695
79.06632543079269
404.2250351604109
227.45791611702558
121.48831405469724
223.92389544693572
105.20803204742079
94.44742238941045
173.9015311974529
179.35562834983554
173.63607657663613
148.40161163554535
175.51654643173845
291.4353105918474
145.2253433095978
52.21945303390661
218.38531507719014
95.04496888287613
130.54855254411592
200.63741825584205
61.172126421476925
207.21271552256366
108.5382393575198
231.98077118592894
152.87859848764114
208.66469287885067
49.73517444576754
189.82070074067897
69.90226946723634
75.42809983871867
226.052449341158
328.4706397216085
190.8539567324317
385.1435271648693
221.129544188315
43.04521445704333
101.61586310591343
29.91408357189534
138.93191696357954
191.84303667351818
122.3299661101051
124.44464228263101
64.79118332340067
96.21172304750054
140.58848793278207
124.1813719980804
213.5779803235102
80.91739939198894
196.17294159919538
26.01829981209931
74.62941420552043
49.091383778745374
399.6133556831409
155.261309437042
428.5922235268378
121.65405282951674
78.51104032362181
40.0542420543907
184.14737521521036
413.2438500293105
139.85450358591848
45.72583046971714
148.87177093714487
104.0188286064349
185.37844028858754
78.46987701156569
85.76654307732304
200.67586602357954
166.09924786581027
184.48254678688292
188.09614779254682
244.34212869024512
176.07374911221086
154.89929633373055
147.66161393716519
173.96299639683275
112.16417957923844
142.73981151176883
103.00067608387282
258.4306242769382
102.67786526411162
52.896028406282454
91.58324569390761
293.16703208461246
251.41391044339224
226.56857665361824
222.0963362477111
169.2292723368273
102.86338034600723
216.7414972985751
149.6497175754615
52.359872361386216
129.8620576233377
27.372693016739362
80.80900950916417
213.9286935329255
81.16808910655443
165.34634754117374
